timestamp,Imu0_linear_accleration_x,Imu0_linear_accleration_y,Imu0_linear_accleration_z,Imu0_angular_velocity_x,Imu0_angular_velocity_y,Imu0_angular_velocity_z,Imu0_orientation_x,Imu0_orientation_y,Imu0_orientation_z,Imu0_orientation_w,Imu1_linear_accleration_x,Imu1_linear_accleration_y,Imu1_linear_accleration_z,Imu1_angular_velocity_x,Imu1_angular_velocity_y,Imu1_angular_velocity_z,Imu1_orientation_x,Imu1_orientation_y,Imu1_orientation_z,Imu1_orientation_w,Imu2_linear_accleration_x,Imu2_linear_accleration_y,Imu2_linear_accleration_z,Imu2_angular_velocity_x,Imu2_angular_velocity_y,Imu2_angular_velocity_z,Imu2_orientation_x,Imu2_orientation_y,Imu2_orientation_z,Imu2_orientation_w,imu0_to_imu1_translation_x,imu0_to_imu1_translation_y,imu0_to_imu1_translation_z,imu0_to_imu1_rotation_x,imu0_to_imu1_rotation_y,imu0_to_imu1_rotation_z,imu0_to_imu1_rotation_w,imu0_to_imu2_translation_x,imu0_to_imu2_translation_y,imu0_to_imu2_translation_z,imu0_to_imu2_rotation_x,imu0_to_imu2_rotation_y,imu0_to_imu2_rotation_z,imu0_to_imu2_rotation_w
1676107612.159032,-0.96,9.64,-1.78,0.19,0.07,0.03,0.7746845872829501,-0.0153152174106759,-0.0690062418301312,0.6283847332091942,3.86,9.19,-0.71,0.08,-0.07,0.03,0.0373766904419077,0.7529973043076714,0.6219752316716226,-0.2115297943648156,4.87,8.3,-2.95,0.16,0.16,0.05,-0.3244591434731154,-0.7393076281130094,-0.5858169097499278,0.0704914426129416,0.045457283167356,2.1346805682102743,0.2521358901713551,0.0,0.0,0.0,1.0,-1.0737286680087792,1.8374717479519085,0.3054575632958707,0.0,0.0,0.0,1.0
1676107612.1887002,-0.93,9.71,-1.63,0.14,0.04,0.0,0.7746591495990415,-0.0148174612684481,-0.068991347871391,0.6284296609032202,3.24,9.28,-0.72,0.07,-0.17,0.03,0.0381538974594805,0.7529600915244026,0.6226665022156942,-0.2094798503405218,4.34,8.49,-2.92,0.15,0.07,0.03,-0.3223458687391534,-0.7408773706926065,-0.5850673279550926,0.0699291374313932,0.0451500581830348,2.135052092325827,0.2490261739279162,0.0,0.0,0.0,1.0,-1.0730497091630726,1.838903234837221,0.2991641933290971,0.0,0.0,0.0,1.0
1676107612.2734077,-0.9,9.76,-1.69,0.14,-0.02,0.03,0.774316549157921,-0.0164319553814747,-0.0695958153274407,0.6287450159098031,3.83,9.26,-0.61,0.05,-0.2,0.02,0.0443630910098179,0.7520771342626622,0.6244525395396167,-0.2060847547438665,4.79,8.49,-2.84,0.11,0.05,0.03,-0.3183088499867562,-0.7407294404302434,-0.5872911160173073,0.0713338429299378,0.051558553413004,2.1345494651904833,0.2520720060319684,0.0,0.0,0.0,1.0,-1.066712328901977,1.8419454874878205,0.3030868332537301,0.0,0.0,0.0,1.0
1676107612.2987032,-0.81,9.76,-1.88,0.06,-0.01,0.03,0.773613899739748,-0.0177006297148318,-0.0685421526659756,0.6296905550705614,3.99,9.04,-0.59,0.03,-0.18,-0.01,0.0461232927854433,0.751655512343084,0.6250814190362816,-0.2053286443788902,4.87,8.34,-2.77,0.1,0.07,-0.01,-0.3172262418595963,-0.7403431915254179,-0.5882039933279577,0.0726328608182219,0.0534986891261284,2.13382693838214,0.257721724533435,0.0,0.0,0.0,1.0,-1.0614291881409383,1.844147617705563,0.3082006532656368,0.0,0.0,0.0,1.0
1676107612.3330803,-0.88,9.66,-1.84,0.12,-0.01,0.01,0.773289515503679,-0.01699932828203,-0.0700182586421449,0.62994586394925,3.9,8.9,-0.72,0.06,-0.19,0.05,0.0493998318258294,0.7513936714123436,0.6252702680340532,-0.2049495037556376,4.81,8.15,-2.85,0.14,0.06,0.05,-0.3176390008263917,-0.7395232271200002,-0.5885076692424492,0.0766132165285601,0.0618624999986774,2.1334490864382736,0.2589749537496044,0.0,0.0,0.0,1.0,-1.0689560877820878,1.8391908272320892,0.3117851558669167,0.0,0.0,0.0,1.0
1676107612.4977474,-0.86,9.74,-1.87,0.04,0.06,-0.0,0.7730548747533986,-0.016958946694455,-0.0692552514952175,0.6303191769947636,4.09,9.02,-0.67,0.05,-0.14,-0.02,0.0610261763608552,0.7501907847829248,0.6261456077949074,-0.2035467269810537,5.01,8.3,-2.96,0.14,0.12,-0.04,-0.3120226765695261,-0.7427336745135515,-0.586042948370175,0.0868458445498616,0.0788482559629386,2.13110143510139,0.2732940281828318,0.0,0.0,0.0,1.0,-1.082988784430786,1.8303225071773424,0.3155230776301089,0.0,0.0,0.0,1.0
1676107612.5204897,-0.89,9.61,-1.8,0.12,0.02,0.02,0.7728302539648129,-0.0164979448793852,-0.0697438751924041,0.6305529384949263,3.9,9.0,-0.75,0.06,-0.14,0.04,0.0624040446120013,0.7498403090039961,0.6264976408943158,-0.2033370408034696,4.65,8.29,-2.93,0.15,0.11,0.03,-0.3101520178715725,-0.7440275720993822,-0.5854157226638421,0.0867013807506069,0.0834080532587749,2.130926388190371,0.2733053690755483,0.0,0.0,0.0,1.0,-1.0831077213930629,1.8313279547041044,0.309217700298687,0.0,0.0,0.0,1.0
1676107612.5744436,-0.98,9.6,-1.81,0.12,-0.01,0.01,0.7732192552485492,-0.0142536363779393,-0.0733621204959399,0.629719633201335,3.72,8.99,-0.79,0.07,-0.16,0.04,0.0650932247414305,0.7493001392532594,0.6274539663618297,-0.2015283937925767,4.6,8.23,-2.85,0.15,0.08,0.03,-0.3060030412359503,-0.7464669448886468,-0.5845938574059076,0.086018956202924,0.0926368434639158,2.1318870435281703,0.2626329165770318,0.0,0.0,0.0,1.0,-1.0892608726449948,1.8304115341077671,0.2925822399427477,0.0,0.0,0.0,1.0
1676107612.5989482,-0.86,9.67,-1.75,0.09,-0.01,-0.0,0.7727777826713134,-0.0150073990972351,-0.0728521699947748,0.630302973108169,3.78,9.12,-0.63,0.09,-0.16,-0.0,0.0659236230305427,0.7492508394458397,0.627773852040889,-0.2004426257310943,4.75,8.3,-2.92,0.15,0.07,0.01,-0.3040103007117651,-0.7473585416241562,-0.5845455908890662,0.0856702952878576,0.0923526247845716,2.131584702693583,0.2651747498124783,0.0,0.0,0.0,1.0,-1.0847501787173386,1.8334710754135397,0.2901738537405111,0.0,0.0,0.0,1.0
1676107612.6284108,-0.99,9.76,-1.81,0.07,0.04,-0.0,0.7720747049279687,-0.0139526013943369,-0.0734621019945809,0.6311174965846363,3.89,8.98,-0.75,0.07,-0.13,0.02,0.06733641594399,0.7488648504146913,0.6282001682980313,-0.2000794628429546,4.8,8.28,-3.0,0.15,0.1,0.02,-0.3018391658604292,-0.7490414375311715,-0.5835246449625994,0.0856097630833604,0.0994994610059222,2.131243290658281,0.2653335509949555,0.0,0.0,0.0,1.0,-1.084749793883103,1.8350045849818293,0.2803142125655217,0.0,0.0,0.0,1.0
1676107612.655115,-0.95,9.69,-1.79,0.13,0.02,0.01,0.7717599451425887,-0.0140022201458641,-0.0733317936250608,0.6315164075051626,3.77,9.07,-0.72,0.07,-0.15,0.05,0.0687036485057675,0.7485618735048261,0.6286311620085865,-0.1993935615025595,4.69,8.28,-2.91,0.16,0.09,0.05,-0.2999991349067385,-0.7496238630962907,-0.5836573982610987,0.0860733663039115,0.1021924110817766,2.1309465137943757,0.2666902069159812,0.0,0.0,0.0,1.0,-1.0826452796324026,1.8364866162788425,0.2787402136728137,0.0,0.0,0.0,1.0
1676107612.675254,-0.92,9.68,-1.78,0.08,0.03,0.01,0.7712369603485034,-0.0142587354066979,-0.0727724995577998,0.6322138900444316,3.97,9.02,-0.67,0.05,-0.14,-0.02,0.0695033915523262,0.7482242444482773,0.6291213768451123,-0.1988367465511318,4.84,8.27,-2.92,0.13,0.11,-0.01,-0.2990096842711502,-0.7492987699352738,-0.5843307887802894,0.0877615597454698,0.104294070296716,2.1305738447192857,0.2688453813979763,0.0,0.0,0.0,1.0,-1.0804381936439054,1.837245712059135,0.2822791229188158,0.0,0.0,0.0,1.0
1676107612.7176623,-0.87,9.78,-1.79,0.08,0.03,-0.0,0.770537047778818,-0.0156685976742943,-0.0704299241409534,0.6332983331990729,3.97,9.03,-0.7,0.07,-0.16,0.01,0.0718691513173669,0.7478134690149137,0.6296721829244697,-0.1977947994764653,4.79,8.32,-2.9,0.15,0.08,0.01,-0.2960956564811491,-0.7496106041486652,-0.5852404573907891,0.0889095686295366,0.1048477424637431,2.129421850427673,0.2776140014866697,0.0,0.0,0.0,1.0,-1.0712573576334086,1.8418227755210008,0.2873961330435829,0.0,0.0,0.0,1.0
1676107612.793192,-0.85,9.74,-1.78,0.14,0.01,0.01,0.7699994605304066,-0.0182774631330875,-0.0676114221393377,0.6341888210309274,3.98,9.11,-0.67,0.08,-0.15,0.03,0.0760704253340124,0.7471778370459154,0.6303562135386187,-0.1964423942792015,4.88,8.35,-2.91,0.15,0.1,0.05,-0.2941587108917466,-0.748080729141659,-0.5869701767959581,0.0964981193884696,0.1050281199472224,2.1277371463060626,0.2901787901444277,0.0,0.0,0.0,1.0,-1.0694463652412804,1.8392256627641392,0.3098926157591131,0.0,0.0,0.0,1.0
1676107612.8154688,-0.88,9.64,-1.75,0.08,0.04,0.02,0.7698705607129515,-0.0170443606954258,-0.0686049506512118,0.6342729461849644,3.8,9.12,-0.66,0.05,-0.13,0.02,0.0767803729435405,0.746774136870578,0.6309713266099448,-0.1957251844498823,4.74,8.24,-2.88,0.14,0.11,0.01,-0.2922130415266917,-0.7493699012118561,-0.5863417042689493,0.0962273108552728,0.1098074877927127,2.1280685974073124,0.2859481777412242,0.0,0.0,0.0,1.0,-1.070978871879201,1.839707807965827,0.3016279783075919,0.0,0.0,0.0,1.0
1676107612.8442268,-0.92,9.65,-1.86,0.14,0.02,0.02,0.771946059952141,-0.0160213734581338,-0.0695282600629927,0.6316711305493498,4.0,8.92,-0.66,0.07,-0.14,0.03,0.0784671988877114,0.7464111161115486,0.6312702013024059,-0.1954770508050711,4.87,8.17,-2.93,0.14,0.1,0.03,-0.292302115817707,-0.7507588467423815,-0.5840976648524908,0.0987448481714789,0.1086539559497478,2.129181124685358,0.277996503827048,0.0,0.0,0.0,1.0,-1.087625103024638,1.8298340271118092,0.3021242600229646,0.0,0.0,0.0,1.0
1676107612.9039812,-0.88,9.69,-1.83,0.11,0.03,0.01,0.7706781893341454,-0.0145177461233238,-0.0706500433553119,0.6331294772051247,3.85,9.09,-0.7,0.06,-0.14,-0.01,0.0800116549244616,0.7455935045844474,0.6328061922255398,-0.192989077615143,4.93,8.32,-2.91,0.14,0.1,0.0,-0.2877117802092601,-0.7507160280544068,-0.5860578656673046,0.1009136008698376,0.1180255822156623,2.129235970708569,0.2737227483849142,0.0,0.0,0.0,1.0,-1.0825263698729273,1.833386602745048,0.2988816210554172,0.0,0.0,0.0,1.0
1676107613.0101583,-0.89,9.75,-1.86,0.07,0.05,0.02,0.7752957842104563,-0.0156443857270297,-0.0655892317451755,0.6279886566330598,4.09,8.96,-0.71,0.05,-0.12,-0.01,0.0850542752328747,0.7435676039333192,0.634747016572504,-0.1922737985212184,4.85,8.29,-2.98,0.14,0.12,0.0,-0.2815306362456168,-0.758325794468543,-0.578849234064513,0.1030342395600515,0.1071684907541241,2.130236168648821,0.2703863538898992,0.0,0.0,0.0,1.0,-1.1000400880990728,1.8232131883924307,0.2971623701730934,0.0,0.0,0.0,1.0
1676107613.0344129,-0.84,9.75,-1.72,0.05,0.03,-0.01,0.7745788283172782,-0.0152556423679155,-0.0656182307336507,0.6288792824493111,3.57,9.23,-0.63,0.07,-0.16,-0.01,0.08518529677832,0.7435642306287973,0.6353102353733954,-0.1903591473294496,4.53,8.45,-2.89,0.14,0.09,-0.01,-0.2792961145202299,-0.7591090939770876,-0.5789516870009519,0.102771630199874,0.1081848752698035,2.130368902878118,0.2689319066469062,0.0,0.0,0.0,1.0,-1.0960042334375766,1.826488382007419,0.2919159308411095,0.0,0.0,0.0,1.0
1676107613.0587463,-0.98,9.68,-1.84,0.07,0.05,0.0,0.7743582464161828,-0.0137543837708951,-0.0666491331476957,0.6290771146568584,3.89,8.92,-0.79,0.07,-0.11,-0.02,0.085753490286403,0.7431995802165852,0.6358071346457013,-0.1898684028563322,4.7,8.2,-2.96,0.15,0.13,-0.01,-0.2768261994927375,-0.7595026961420172,-0.5795328433371274,0.1032695178694957,0.1137198770048335,2.1305943251404513,0.2648312882823907,0.0,0.0,0.0,1.0,-1.095789853298134,1.8273545619459757,0.2872627757717407,0.0,0.0,0.0,1.0
1676107613.0829887,-0.95,9.63,-1.76,0.08,0.02,-0.0,0.7739145927222019,-0.0130159154904259,-0.0673558977989972,0.6295633186163769,3.75,9.07,-0.78,0.07,-0.16,-0.01,0.0862123388180801,0.7430384316026162,0.6363829152788111,-0.1883563297006031,4.54,8.38,-3.0,0.14,0.08,-0.01,-0.2746005482209847,-0.760726050214682,-0.579117463721159,0.1025347680285868,0.1165024515671446,2.130830714226236,0.2617014445679539,0.0,0.0,0.0,1.0,-1.0943066813838656,1.8295511241740936,0.2788109953210997,0.0,0.0,0.0,1.0
1676107613.1072774,-0.96,9.7,-1.79,0.1,0.02,-0.0,0.7736120171810327,-0.0122720111753432,-0.0680896371121836,0.6298711343860243,3.82,8.93,-0.77,0.07,-0.16,0.0,0.0871848084475185,0.7427763197866679,0.6368411744679451,-0.1873912122871068,4.71,8.21,-2.96,0.15,0.09,0.02,-0.2733835559600115,-0.7604149502890136,-0.5798169846839536,0.1041287615388956,0.1204213137404562,2.130869792657302,0.2596009128212917,0.0,0.0,0.0,1.0,-1.0951399887863755,1.8290000656726513,0.2791543743709114,0.0,0.0,0.0,1.0
1676107613.136978,-0.87,9.77,-1.93,0.1,0.01,-0.0,0.7740384923533737,-0.0137720391361046,-0.0661991846332157,0.6295176020154221,4.14,9.16,-0.67,0.08,-0.16,0.0,0.0889065229707713,0.742571028578381,0.6370183044781275,-0.1867928731218208,5.09,8.45,-2.9,0.14,0.08,0.0,-0.2730035361700806,-0.7600978339934138,-0.5798546151435242,0.1071866469944257,0.1165790484598602,2.130445885878206,0.2647822743402963,0.0,0.0,0.0,1.0,-1.0962472996503754,1.826555951159863,0.2905773826225081,0.0,0.0,0.0,1.0
1676107613.167307,-0.89,9.83,-1.97,0.11,0.04,0.02,0.7752849236272544,-0.0123961970027931,-0.0671311321909946,0.6279116439332093,4.19,9.11,-0.66,0.05,-0.13,0.01,0.0906900332748754,0.7419882973390882,0.6374747055412218,-0.1866940927602573,5.03,8.32,-2.92,0.14,0.12,0.01,-0.2725662362125476,-0.7596597201886602,-0.5798993147921411,0.1110924889604039,0.1196251869577979,2.1310409326677995,0.2585620968735891,0.0,0.0,0.0,1.0,-1.107595269955003,1.8186314191362416,0.2971741565207241,0.0,0.0,0.0,1.0
1676107613.1964948,-0.92,9.68,-1.86,0.09,0.07,0.02,0.7747493703955857,-0.0115296622470624,-0.0669552503276342,0.6286075678940527,3.85,9.06,-0.69,0.05,-0.11,0.01,0.0913723492745138,0.7413742538644996,0.6383108774858882,-0.1859422845350357,4.84,8.26,-2.9,0.14,0.13,-0.0,-0.2702918211121027,-0.7594672726905418,-0.5808870650720244,0.1127918914811824,0.1244327828427149,2.130921518876371,0.2572741008023126,0.0,0.0,0.0,1.0,-1.105030335982138,1.820028866877854,0.2981658603705616,0.0,0.0,0.0,1.0
1676107613.261508,-0.79,9.62,-1.74,0.15,0.05,0.02,0.7749157853832022,-0.0126298580224514,-0.0639822335741223,0.628690930455605,3.57,8.92,-0.7,0.07,-0.13,0.02,0.0920029576027457,0.7409452403110132,0.6397461960140003,-0.1823743713859439,4.65,8.21,-2.84,0.14,0.13,0.05,-0.2648352854125554,-0.7607392500496277,-0.5814738128983019,0.114132685712249,0.1167887923973034,2.131414737443295,0.2567714839695219,0.0,0.0,0.0,1.0,-1.0962924670215528,1.8245179129766944,0.3029475399784007,0.0,0.0,0.0,1.0
1676107613.2894168,-0.89,9.63,-1.67,0.1,0.01,0.01,0.7745086309235291,-0.0124017619880131,-0.0643161670074851,0.6291629419999389,3.72,8.88,-0.76,0.07,-0.15,0.0,0.0928148375883303,0.7406298641403283,0.6403480843638413,-0.181127416805103,4.58,8.21,-2.89,0.15,0.09,0.03,-0.2626179785866015,-0.7621720924264737,-0.580682991114212,0.1137223051120147,0.119421420133066,2.131424913970661,0.2554728175727553,0.0,0.0,0.0,1.0,-1.095233784663067,1.8263920427399931,0.295389680166131,0.0,0.0,0.0,1.0
1676107613.3213124,-0.8,9.74,-1.84,0.08,0.03,-0.02,0.7737656656994126,-0.0124135686744521,-0.063712035429329,0.6301375837378385,3.89,9.07,-0.62,0.08,-0.15,0.02,0.0943161501937202,0.7403210675771488,0.6407181077074231,-0.1803038745282119,4.85,8.36,-2.85,0.16,0.08,0.02,-0.26137178215085,-0.7619536381802574,-0.5810771844755058,0.1160204742326843,0.1229857627080779,2.1307874700253207,0.2590738500007377,0.0,0.0,0.0,1.0,-1.0935532209010927,1.826932098188228,0.2982624040445022,0.0,0.0,0.0,1.0
1676107613.356356,-0.89,9.67,-1.78,0.12,0.02,0.0,0.7734891683651131,-0.0115135527204672,-0.0645719998521031,0.6304065365783408,3.85,9.03,-0.68,0.08,-0.15,0.02,0.0958769994163368,0.7399756105602155,0.6411640890445752,-0.1793106457480872,4.82,8.25,-2.92,0.15,0.09,0.04,-0.2608745142534384,-0.7612088828427968,-0.5815023015329236,0.1198357117313821,0.1281658629166533,2.1307026418701094,0.2572542779247146,0.0,0.0,0.0,1.0,-1.0990163643738855,1.822959908354441,0.3024569446562183,0.0,0.0,0.0,1.0
1676107613.386475,-0.93,9.65,-1.77,0.08,0.03,-0.01,0.7729351195313837,-0.0103358499464203,-0.065484104999324,0.6310121260271692,3.91,8.94,-0.68,0.07,-0.16,0.01,0.0975356875551346,0.7396049842072943,0.6415514983290653,-0.1785579233207153,4.86,8.16,-2.85,0.15,0.09,0.01,-0.260497446142568,-0.7606360592344205,-0.5816825692223812,0.1233663430939764,0.1352254997418731,2.1303753449274123,0.2563492811477534,0.0,0.0,0.0,1.0,-1.1041498687690146,1.819528290722138,0.3044172573280655,0.0,0.0,0.0,1.0
1676107613.419098,-0.86,9.66,-1.78,0.09,0.03,-0.02,0.7722204980820946,-0.0100255951685518,-0.0652913123825798,0.6319114133410776,3.9,8.99,-0.54,0.09,-0.16,0.01,0.0990577707522932,0.7394384183768259,0.6417922805628238,-0.1775416911374177,4.84,8.26,-2.82,0.18,0.08,-0.01,-0.257539791941821,-0.7615188637019196,-0.5818088036259116,0.123534577410887,0.139042080964567,2.1298168266408943,0.2589354836216019,0.0,0.0,0.0,1.0,-1.0997137709822449,1.823004341457746,0.2996411068899232,0.0,0.0,0.0,1.0
1676107613.4555085,-0.84,9.64,-1.83,0.11,0.03,-0.01,0.7717000657371184,-0.0110549020302199,-0.0634869424879606,0.6327133678182876,3.64,9.06,-0.69,0.08,-0.16,-0.02,0.0993205132086363,0.7394168834711772,0.6425174167731158,-0.1748412915673721,4.63,8.31,-2.84,0.16,0.09,0.0,-0.254100440670468,-0.7634283173264795,-0.5809799157585821,0.1227701422996836,0.1342920795766758,2.129898888941697,0.2607611172086376,0.0,0.0,0.0,1.0,-1.0924356428840274,1.8281496257328052,0.2948784700339544,0.0,0.0,0.0,1.0
1676107613.4888773,-0.86,9.78,-1.92,0.11,0.01,0.0,0.7739031816756623,-0.0105629076715025,-0.0638380163972917,0.6299896808966552,4.06,9.02,-0.71,0.06,-0.18,-0.0,0.1017803810383095,0.7390086925138587,0.642796238910323,-0.1741261085173515,4.98,8.33,-2.92,0.13,0.08,0.02,-0.2548022516366803,-0.7631265680040799,-0.5801218213590968,0.1271704609970264,0.1317429097218101,2.130819351166272,0.2544655152144951,0.0,0.0,0.0,1.0,-1.1083228293138074,1.8166795981232633,0.3062609080253876,0.0,0.0,0.0,1.0
1676107613.5670154,-0.91,9.72,-1.82,0.12,0.01,0.0,0.773218437523068,-0.0087234182564727,-0.0661806201371584,0.6306165834852184,3.94,9.05,-0.66,0.07,-0.15,-0.0,0.1053661717799341,0.7379985494058067,0.6439508044387832,-0.1719984662199359,4.9,8.21,-2.84,0.15,0.09,0.01,-0.250972253182369,-0.7619274196316905,-0.5820927069460927,0.1328443294466469,0.144716002900519,2.13051913304769,0.2498909806740103,0.0,0.0,0.0,1.0,-1.1125732526568917,1.8134810376870936,0.3097858670465889,0.0,0.0,0.0,1.0
1676107613.5947273,-0.9,9.74,-1.81,0.07,0.02,0.0,0.7724215436229438,-0.0087433953981678,-0.0659608638900376,0.6316151331459211,3.9,9.13,-0.66,0.06,-0.15,0.0,0.1064026741735238,0.7375662659532948,0.6445506259364399,-0.1709648059144924,4.84,8.43,-2.89,0.14,0.09,-0.0,-0.248480595628991,-0.7634770995346801,-0.5812918815009213,0.1321357657225818,0.1484350033524404,2.130065118135119,0.2515743275530761,0.0,0.0,0.0,1.0,-1.108725727922435,1.817230835623772,0.3014951911739109,0.0,0.0,0.0,1.0
1676107613.6292608,-0.83,9.64,-1.78,0.12,-0.03,0.01,0.7721113551497396,-0.0104485664497155,-0.0650717739550332,0.632060556388645,3.58,9.06,-0.64,0.06,-0.18,0.03,0.1074619980951306,0.7373461264506515,0.6452693760011692,-0.1685231176090798,4.64,8.34,-2.89,0.14,0.06,0.05,-0.246411487712226,-0.7653948454792511,-0.5798293991043738,0.1313391684589992,0.1448005411539514,2.1300864394244567,0.2535045637884326,0.0,0.0,0.0,1.0,-1.1055029866863402,1.8200521343533231,0.2962657163147543,0.0,0.0,0.0,1.0
1676107613.65201,-0.84,9.58,-1.63,0.04,-0.02,-0.02,0.7712867157016867,-0.0105083302466997,-0.0654306278544108,0.6330286013412898,3.56,8.88,-0.62,0.06,-0.22,-0.0,0.1083549477977907,0.7372402493250167,0.645754962955506,-0.1665429310455959,4.38,8.17,-2.78,0.15,0.03,-0.01,-0.2445900147258363,-0.7666947019327618,-0.5791397379998756,0.1302003171811968,0.1469232187919454,2.129933980950536,0.253564202071224,0.0,0.0,0.0,1.0,-1.1021839525803898,1.8235150006019232,0.2871995425728202,0.0,0.0,0.0,1.0
1676107613.701895,-0.74,9.74,-1.23,0.08,-0.06,-0.05,0.7702040324734389,-0.0110789314506884,-0.0670563588634447,0.6341659486093068,3.21,9.19,-0.46,0.09,-0.27,0.04,0.1108631080836698,0.7381119543093829,0.6457748253674044,-0.1608570455196491,3.98,8.58,-2.56,0.18,-0.01,0.07,-0.2426709442349089,-0.7688574837255834,-0.5773784685192384,0.1288529651722493,0.1451032887429516,2.130140948046874,0.2528726498653935,0.0,0.0,0.0,1.0,-1.101842791486464,1.8260095909964993,0.2722708879739313,0.0,0.0,0.0,1.0
1676107613.7243936,-0.66,9.88,-0.52,-0.01,-0.25,-0.13,0.7689667237588917,-0.0118968594940485,-0.0700627516070798,0.6353265721838964,2.21,9.75,-0.24,0.11,-0.53,0.06,0.1137622966337124,0.7393725446041899,0.6450434264821494,-0.15590175785512,2.73,9.52,-2.32,0.18,-0.28,0.08,-0.2436799800381031,-0.7702689789909488,-0.5757132289823989,0.1259366718137776,0.1449939634473878,2.1300141940452195,0.2540005585224383,0.0,0.0,0.0,1.0,-1.102996184034623,1.827729329657497,0.2555482645505859,0.0,0.0,0.0,1.0
1676107613.7468958,-0.35,10.32,-0.31,-0.11,-0.53,-0.02,0.7667917889498785,-0.0157991572024252,-0.0744789063147107,0.6373645985971474,2.15,10.18,0.34,-0.08,-0.81,0.09,0.1194989795190389,0.7394640562599943,0.6455601171910367,-0.1488792748696725,3.28,9.79,-1.87,-0.05,-0.54,0.14,-0.2473801245916223,-0.7700306434607649,-0.575528592295223,0.1209244455811671,0.1488838866542863,2.1292203451193386,0.2583685550228544,0.0,0.0,0.0,1.0,-1.0974263698419484,1.8330272632857791,0.2411771440799657,0.0,0.0,0.0,1.0
1676107613.7728972,-0.02,10.97,0.06,-0.18,-0.62,0.09,0.7635736018669869,-0.022206547251946,-0.0794405223350503,0.6404306576063934,1.65,11.16,0.85,-0.15,-1.05,0.23,0.1296359431316416,0.739142133433942,0.6460670112199711,-0.1395021356266077,3.04,10.89,-1.33,-0.15,-0.77,0.34,-0.2556305558251397,-0.768576747009746,-0.5752477662741814,0.1141613344395201,0.1555744264670155,2.127039716873725,0.2720269116672143,0.0,0.0,0.0,1.0,-1.0889500010542796,1.8397060215796577,0.2284067629634329,0.0,0.0,0.0,1.0
1676107613.7940433,-0.01,11.03,0.3,-0.17,-0.7,0.16,0.7608855388139921,-0.0285051434098096,-0.0836768145237067,0.6428365611367262,1.23,11.9,1.03,-0.26,-1.17,0.29,0.1392868275564664,0.7381465889710127,0.6469503656894078,-0.1311259592683908,2.45,11.57,-1.3,-0.23,-0.86,0.37,-0.2631693045276549,-0.7669398750852927,-0.5752636563338105,0.1077815886876857,0.1619348867036954,2.124986936337068,0.2840908531879568,0.0,0.0,0.0,1.0,-1.0801420861919269,1.845973904192813,0.2194844383460809,0.0,0.0,0.0,1.0
1676107613.8177743,0.06,11.35,0.9,-0.24,-0.88,0.48,0.7569515517802958,-0.039699792300199,-0.0877148210666525,0.6463392181462982,0.06,12.39,1.53,-0.55,-1.55,0.42,0.1545706204090223,0.7350309029078039,0.649399575329639,-0.1188178717137822,1.58,12.37,-0.69,-0.56,-1.23,0.54,-0.2761179248157281,-0.7626423181028691,-0.5767590737540834,0.0973886907010763,0.1703377537529525,2.1213133759598013,0.3058015870142434,0.0,0.0,0.0,1.0,-1.0590270832367603,1.8582594142002264,0.2187089081571029,0.0,0.0,0.0,1.0
1676107613.867506,0.52,11.66,0.91,-0.23,-1.02,0.65,0.7479122711943111,-0.0689279921820812,-0.0956692276745569,0.6532408172847652,0.42,12.06,1.68,-0.71,-1.85,0.53,0.1938095460951225,0.7249822203741996,0.6549643817712876,-0.0886583250160595,1.61,12.12,-0.45,-0.74,-1.46,0.66,-0.3090173114940858,-0.7497183910998402,-0.580765171572819,0.0717108829371672,0.1850464237499762,2.111070484382504,0.3628212108275425,0.0,0.0,0.0,1.0,-1.0051773495012837,1.886198341520335,0.233183002158204,0.0,0.0,0.0,1.0
1676107613.901581,0.6,11.48,0.51,0.03,-1.13,0.85,0.7436981995561511,-0.093154327652856,-0.0997975374462932,0.6544277735060908,0.69,12.11,2.13,-0.94,-2.24,0.68,0.2269930369340696,0.7142160399971783,0.6589836708159874,-0.0641103033223461,2.35,12.2,0.07,-0.99,-1.8,0.95,-0.3386413532251167,-0.7360246933713193,-0.5838944451177449,0.0515457233352876,0.1851986555416468,2.1039208629324753,0.4021423386103931,0.0,0.0,0.0,1.0,-0.9722024141016612,1.8987167155507576,0.2686955528159034,0.0,0.0,0.0,1.0
1676107613.9302812,0.74,11.01,-0.02,0.23,-1.38,0.97,0.7411077713528033,-0.11755988264033,-0.1042657580710579,0.652738536420166,0.85,11.29,2.32,-1.14,-2.62,0.66,0.2581859866500973,0.70243316783021,0.6621405670340328,-0.0386976810336387,2.33,11.08,0.35,-1.21,-2.12,0.95,-0.3660199626320825,-0.7218542246120501,-0.5865554475327915,0.0301425336385572,0.1743729558373052,2.099442512010318,0.4294592076511646,0.0,0.0,0.0,1.0,-0.943837488923342,1.9072462691636929,0.3067286476090137,0.0,0.0,0.0,1.0
1676107613.956601,1.21,11.16,-0.26,0.6,-1.8,1.01,0.7408275783155782,-0.1445586866000405,-0.1111841965859104,0.6464637342999936,0.97,11.09,2.9,-1.15,-2.99,0.82,0.2911296695581408,0.6898843462510479,0.6626639415492588,-0.0134016741914056,2.3,11.36,1.03,-1.27,-2.51,1.15,-0.3955889510690414,-0.7064994505076138,-0.5867723879288991,0.0081285293105929,0.1509948396073008,2.0967812163460655,0.4507871883608497,0.0,0.0,0.0,1.0,-0.9340823222218914,1.904821403579522,0.348777344129315,0.0,0.0,0.0,1.0
1676107613.9835637,1.16,10.77,-0.72,1.09,-2.46,1.13,0.7427279540275329,-0.1797698933830634,-0.1225941199996001,0.6332524405642985,1.98,11.14,3.23,-1.32,-3.27,1.02,0.3287731791880691,0.6731245006343738,0.6622849019537017,0.0137953592367336,3.7,11.45,1.19,-1.46,-2.72,1.51,-0.4303811165967175,-0.6858558799485213,-0.5866592513411285,-0.0143083623405635,0.1143481956458273,2.0969367704770425,0.4607392655004086,0.0,0.0,0.0,1.0,-0.9461297025363082,1.8863790703276275,0.4109897675227846,0.0,0.0,0.0,1.0
1676107614.013496,0.97,9.47,-2.02,1.01,-3.0,1.1,0.743564754759651,-0.2234048878580578,-0.1408701903423118,0.6142941486236617,2.58,9.9,3.05,-1.46,-3.34,0.59,0.3660660434369195,0.6531745016213887,0.6609987580252565,0.049389919651263,4.99,9.11,1.07,-1.63,-2.77,1.04,-0.4638402570544219,-0.6624599739047586,-0.586546943706416,-0.0442908764697331,0.0587877444500911,2.103278170481512,0.4418879254725291,0.0,0.0,0.0,1.0,-0.9589328246907546,1.8662972487418492,0.4689162154044293,0.0,0.0,0.0,1.0
1676107614.0443814,1.0,9.63,-2.42,0.91,-2.62,0.9,0.7434361394760964,-0.2615390367760395,-0.1575338612094987,0.5950488394540115,3.87,8.42,2.74,-1.33,-3.36,0.54,0.4035945473010683,0.6318036220129887,0.6562378823894486,0.0853666581115036,4.61,7.91,0.93,-1.44,-2.76,1.01,-0.4969519938719729,-0.6384897959487724,-0.583026833595306,-0.0738187480508653,0.009894000531761,2.108796458932103,0.4187834805109925,0.0,0.0,0.0,1.0,-0.9797340348892638,1.8436736094455144,0.5133116428776502,0.0,0.0,0.0,1.0
1676107614.0784194,1.3,9.83,-2.6,1.15,-2.57,0.79,0.7436430954892698,-0.3022210886443391,-0.1741294325113216,0.5703825916374485,3.21,9.26,2.99,-1.24,-3.49,0.7,0.4464520735906246,0.6057783443642928,0.6467833327247757,0.1240341243179476,4.42,9.15,1.09,-1.35,-2.93,1.3,-0.5366511409219565,-0.6084550396468353,-0.5751842567322409,-0.1046474485255602,-0.0477463064854427,2.1140861745033956,0.3884069219138567,0.0,0.0,0.0,1.0,-1.0216495087118649,1.806526325255745,0.5614222274783742,0.0,0.0,0.0,1.0
1676107614.10522,0.83,8.78,-3.96,1.44,-2.91,0.75,0.7451276967358408,-0.3353688447667991,-0.1908207306783607,0.5439668209186109,4.6,9.75,3.13,-1.39,-3.57,0.44,0.4774098218704015,0.5834494623136521,0.6378236629778818,0.1576310941821412,6.73,9.38,0.63,-1.7,-3.04,1.03,-0.5649898991668149,-0.5820486499073686,-0.5693543504814371,-0.1335717281775708,-0.0981758975531346,2.122751967163425,0.3267806283172942,0.0,0.0,0.0,1.0,-1.0615469353084164,1.7727464123043375,0.5941281526736537,0.0,0.0,0.0,1.0
1676107614.1635408,0.17,8.65,-3.9,1.14,-2.43,0.69,0.74305578193111,-0.3931918564103367,-0.2217045958324838,0.4940802983099959,4.73,8.88,2.79,-1.52,-3.45,0.22,0.5340290285826197,0.5307572311276912,0.6156027687939094,0.2326864613380898,7.52,6.31,0.6,-1.75,-2.94,0.83,-0.6179838804060284,-0.5224911692990424,-0.5537446301790784,-0.1961269642620891,-0.1650615574820718,2.136779595892711,0.1715448653215103,0.0,0.0,0.0,1.0,-1.122817775770321,1.7200322845170248,0.635034788522119,0.0,0.0,0.0,1.0
1676107614.1909022,0.04,8.72,-3.99,1.27,-1.64,0.47,0.744638101920229,-0.4115061947134339,-0.2302251208726694,0.4724120474757949,5.6,7.91,2.24,-1.35,-3.61,0.39,0.5618742516312948,0.5031325141754551,0.60077333666953,0.2650026348552359,6.42,7.19,0.19,-1.77,-3.25,0.93,-0.6433393602119428,-0.4907142877757051,-0.542144452305803,-0.2267010106040802,-0.1828683613192639,2.139805918511062,0.1014386195363338,0.0,0.0,0.0,1.0,-1.1495161696925411,1.69872279440066,0.6445567805856995,0.0,0.0,0.0,1.0
1676107614.2185612,-1.7,8.67,-5.17,1.27,-1.99,0.4,0.7449799588262045,-0.4314813283340886,-0.2423161402796769,0.4473383645589958,8.32,6.87,1.4,-1.45,-3.25,0.12,0.5840358349270856,0.4762288396272759,0.5866297991887132,0.2966036320278134,9.59,5.17,-1.25,-1.91,-2.96,0.56,-0.6630720671131758,-0.4602571929372079,-0.5310485455313443,-0.257849166089142,-0.1929406928408583,2.1413046340932693,0.009399630672517,0.0,0.0,0.0,1.0,-1.1762370354015936,1.6791003394773911,0.6477565024888442,0.0,0.0,0.0,1.0
1676107614.2483904,-1.91,8.47,-4.96,1.02,-1.97,0.23,0.743686203366406,-0.4494100661961974,-0.2580101173644933,0.4223650111710845,7.65,5.95,0.35,-1.25,-2.95,0.03,0.6044894883574884,0.4498637297954151,0.5706315906934213,0.3264883930288418,8.57,4.21,-1.7,-1.69,-2.64,0.5,-0.6808951255757008,-0.4298661025427598,-0.5190541346157613,-0.2866701365511083,-0.1865556968802918,2.1403138057492472,-0.0821814144480482,0.0,0.0,0.0,1.0,-1.206110914659356,1.6616361777752855,0.637778703194071,0.0,0.0,0.0,1.0
1676107614.2815716,-2.83,8.9,-4.18,0.51,-1.87,0.27,0.7371512210503794,-0.4663449142490783,-0.2777982498142837,0.4024408411904479,7.74,6.62,-0.19,-1.12,-2.67,0.09,0.6244757399957701,0.4215752952197889,0.5535676946027887,0.3547775755445045,8.85,5.64,-2.67,-1.34,-2.41,0.43,-0.698571127362877,-0.3999487352700345,-0.5041710474085959,-0.3128113554936562,-0.1548721023351085,2.1393186527083197,-0.1477509190921127,0.0,0.0,0.0,1.0,-1.229271065264863,1.6553140836694331,0.6093668291827281,0.0,0.0,0.0,1.0
1676107614.321247,-3.02,8.77,-3.68,-0.26,-1.76,0.37,0.7215137756049649,-0.4824311290568069,-0.3057438818448729,0.3914061267324144,6.88,7.19,-0.67,-0.92,-2.2,0.07,0.6430865726699879,0.392416997288568,0.5357626561979943,0.3813226147427683,7.71,6.13,-2.92,-1.24,-2.0,0.36,-0.7141837127016316,-0.3677610383578761,-0.4895292715839253,-0.3391968977454855,-0.0919358064560545,2.14159826765006,-0.1661465241572534,0.0,0.0,0.0,1.0,-1.226245500159888,1.672924242283327,0.5658148574563774,0.0,0.0,0.0,1.0
1676107614.359936,-3.34,8.66,-3.17,-0.98,-1.96,0.62,0.6959622903580153,-0.4980785828989722,-0.3400073782940458,0.3898066166223795,6.95,7.16,-1.22,-0.83,-1.77,-0.24,0.6543293918465958,0.3713334386179414,0.5195670697211314,0.4049871410196092,8.5,5.99,-3.63,-1.03,-1.6,-0.06,-0.7230723030875499,-0.3462791298211552,-0.4753485541224643,-0.3623547444861908,-0.0265920353121536,2.1452243448603476,-0.1407315667377033,0.0,0.0,0.0,1.0,-1.1917020130426763,1.7175254261237756,0.5024467362102919,0.0,0.0,0.0,1.0
1676107614.3909273,-3.1,8.59,-3.57,-0.3,-3.22,0.58,0.6721011366633954,-0.520135123951742,-0.3753351278127331,0.3699500733305471,7.09,6.55,-1.96,-0.46,-1.23,-0.12,0.6618620575506196,0.3595148247085069,0.5099256594525645,0.4155280128000265,7.14,5.17,-4.16,-0.5,-1.09,0.05,-0.7298438424723498,-0.3346646227120728,-0.4665981003508287,-0.3709632982643695,0.016370020158262,2.145661794114486,-0.1355267048128228,0.0,0.0,0.0,1.0,-1.2128907662553032,1.7182191438434076,0.4462274788296324,0.0,0.0,0.0,1.0
1676107614.4176023,-3.28,9.25,-3.78,-0.42,-3.24,0.19,0.6521384173784159,-0.5339750584880272,-0.4078762058438218,0.3510315116885255,6.15,7.92,-1.82,-0.22,-0.93,-0.16,0.6672721384891993,0.3529019325914307,0.5027850623723863,0.4212069565243191,6.57,6.48,-3.95,-0.31,-0.82,0.06,-0.7347958348277459,-0.3270349121817141,-0.4608085756630622,-0.3752048826034569,0.0629328831767293,2.1452314503595797,-0.1285358961660039,0.0,0.0,0.0,1.0,-1.2367893612079688,1.7159275838971937,0.385285092916302,0.0,0.0,0.0,1.0
1676107614.466677,-3.03,9.22,-4.0,-0.4,-1.82,0.28,0.627075532716135,-0.547203824101817,-0.4426545727372544,0.3337681536514855,5.63,8.72,-1.65,-0.2,-0.79,-0.18,0.6751171743383798,0.3425212221815165,0.4916320076749572,0.4303417041121304,7.54,6.89,-4.18,-0.22,-0.54,-0.16,-0.739497946696726,-0.3202996635689254,-0.4527026766350708,-0.381590354852428,0.1132624305787348,2.1444316501970024,-0.105283044469451,0.0,0.0,0.0,1.0,-1.2445928036424956,1.725255627501342,0.3114189668216487,0.0,0.0,0.0,1.0
1676107614.491599,-3.17,8.87,-4.06,0.17,-0.78,0.29,0.6225097067622133,-0.5527178529491441,-0.4473553986637322,0.3268910939510661,5.68,7.68,-2.13,-0.2,-0.54,-0.01,0.678428769885422,0.3373417132943694,0.4886070011940276,0.4326640394665958,6.47,6.34,-4.27,-0.14,-0.22,0.09,-0.7415428308846835,-0.3167276566508772,-0.4520847873415871,-0.3813360283664334,0.1174072733864481,2.144131614557147,-0.1068417128864959,0.0,0.0,0.0,1.0,-1.2579531987065855,1.7160296464641234,0.3087005058630221,0.0,0.0,0.0,1.0
1676107614.5430589,-2.75,8.96,-3.88,0.27,-0.17,0.08,0.623562792346068,-0.5563894213016843,-0.4480461276376454,0.3175766417324512,5.59,7.95,-1.83,-0.06,-0.5,0.05,0.6864644762040668,0.3274684555030073,0.4828697452261825,0.434013528251773,6.79,6.67,-4.11,0.04,-0.13,0.15,-0.7467672282078229,-0.3109304341739861,-0.4519974707807064,-0.3759777365576666,0.1226495595796512,2.143440903091467,-0.1145346257223294,0.0,0.0,0.0,1.0,-1.2949491131652968,1.687637204540887,0.3122298194628946,0.0,0.0,0.0,1.0
1676107614.5727437,-2.53,9.26,-3.74,0.32,0.18,-0.03,0.6265362526967041,-0.5559564631386839,-0.4459843447967279,0.3153770748601274,5.75,8.51,-1.53,0.0,-0.37,0.03,0.6900461188256247,0.3230309555710922,0.4808097501538254,0.4339462406722,6.66,7.34,-3.89,0.13,-0.03,0.09,-0.7492062869340397,-0.3093063272921827,-0.4524728540192579,-0.3718707462159373,0.1255776074317337,2.143070346701707,-0.1182360080497686,0.0,0.0,0.0,1.0,-1.3127233446082145,1.6730862151004404,0.3162909062263821,0.0,0.0,0.0,1.0
1676107614.5988455,-2.76,8.87,-3.05,0.28,0.66,-0.07,0.6317869578430257,-0.5531757000405468,-0.4405427761433675,0.317433374382721,4.82,7.95,-1.84,0.05,-0.16,0.06,0.6926511708735957,0.3206292396523635,0.4803786843419361,0.4320504204341137,5.48,6.56,-3.94,0.13,0.08,0.04,-0.7506939931103392,-0.3092693558203393,-0.4531275857643903,-0.3680847528462179,0.1240959154813052,2.143254375296282,-0.1164512195479353,0.0,0.0,0.0,1.0,-1.3218407813364603,1.6641743034965442,0.3252089118975791,0.0,0.0,0.0,1.0
1676107614.6242936,-2.69,8.89,-3.04,0.14,0.28,-0.06,0.6340312098173878,-0.5513223103144917,-0.4391887480413773,0.3180587661436773,4.6,8.27,-1.68,0.1,-0.17,-0.01,0.6950779454107142,0.3190172607686752,0.4794970610749669,0.4303222113204716,5.49,7.02,-3.87,0.14,0.03,0.0,-0.7522834668872151,-0.3094021626934945,-0.4531136772156283,-0.3647298763316103,0.1267417776673629,2.143407672241312,-0.1106348605584826,0.0,0.0,0.0,1.0,-1.3303559496076014,1.6575699167886189,0.3242144634358996,0.0,0.0,0.0,1.0
1676107614.6512532,-2.62,9.08,-2.94,0.11,0.07,-0.07,0.6349594106536497,-0.5500950273932195,-0.439716060053586,0.3176032024249347,4.74,8.32,-1.58,0.11,-0.18,0.02,0.6976430356569949,0.3168989548473891,0.4788647660850015,0.428436439881439,5.65,7.35,-3.82,0.14,-0.02,0.04,-0.7543618872252738,-0.308761483112616,-0.4529845154567231,-0.3611225808564994,0.134023861546389,2.1433571822317012,-0.1027501528562101,0.0,0.0,0.0,1.0,-1.340939390229255,1.6498565275178485,0.3199296646738793,0.0,0.0,0.0,1.0
1676107614.678423,-2.75,9.17,-2.87,0.06,-0.25,-0.01,0.6333276863035194,-0.5504506105509498,-0.443127266726489,0.3154970563872645,5.03,8.54,-1.58,0.11,-0.09,0.04,0.6995787520627875,0.3150673223271825,0.4792999542988956,0.426138130038757,6.1,7.28,-3.94,0.18,0.07,0.03,-0.7559823985917502,-0.3087883457220448,-0.4537345978236952,-0.3567426037123637,0.1457644509487098,2.1430721978119767,-0.0921644172387755,0.0,0.0,0.0,1.0,-1.353606144744885,1.6409721207869237,0.312187289473732,0.0,0.0,0.0,1.0
1676107614.7057216,-2.58,9.06,-2.87,-0.08,-0.32,0.01,0.6303928069225627,-0.5504882448853542,-0.4480567969715385,0.3143448868853128,4.41,8.39,-1.66,0.12,-0.08,-0.03,0.7013545683310269,0.3140615662489326,0.4792664411069858,0.4239938449023879,5.09,7.44,-3.94,0.2,0.11,-0.06,-0.7572387657556873,-0.310658362058192,-0.4535090248073972,-0.3527185820712713,0.158122269495126,2.14280365313958,-0.0767453710746267,0.0,0.0,0.0,1.0,-1.3619107886961284,1.6369651857792862,0.296722065542279,0.0,0.0,0.0,1.0
1676107614.7346318,-2.65,9.03,-2.87,-0.08,-0.4,0.03,0.6266209762776649,-0.5510160568882689,-0.4539361375394042,0.3125211035689229,4.55,8.64,-1.59,0.1,-0.12,-0.03,0.7029066016178254,0.3125486221450529,0.4792273807943962,0.4225834659499253,5.66,7.42,-3.93,0.18,0.08,-0.06,-0.7585192302688144,-0.3118448140464812,-0.4537427109483228,-0.3485956705496892,0.1727717746040708,2.142127446630198,-0.0627687525266138,0.0,0.0,0.0,1.0,-1.3710904731443063,1.6320162450763582,0.2813074657021847,0.0,0.0,0.0,1.0
1676107614.763148,-2.54,9.17,-2.82,-0.0,-0.37,0.02,0.6233602548969257,-0.5519253848441712,-0.458743167628085,0.3104111279158718,4.38,8.43,-1.61,0.12,-0.13,-0.0,0.7047897189293086,0.3108250176261686,0.4791736823295739,0.4207752876203102,5.33,7.37,-3.86,0.19,0.09,0.0,-0.7600571674191473,-0.3126064700608802,-0.4541403292655273,-0.3440157822912446,0.1843964661239087,2.141510111944085,-0.0493192023683084,0.0,0.0,0.0,1.0,-1.3824490445071131,1.6244483804948644,0.2692621370504623,0.0,0.0,0.0,1.0
1676107614.8017447,-2.59,9.16,-3.01,0.03,-0.18,0.02,0.6208453289696745,-0.5521865091085165,-0.462718721063569,0.3090833574173509,4.95,8.6,-1.53,0.05,-0.15,0.01,0.7068086658889046,0.3076126436659151,0.4793603477089014,0.4195350144214597,6.02,7.59,-3.94,0.16,0.13,-0.0,-0.7612759455939575,-0.313141973448317,-0.4562507719425988,-0.3379885681893721,0.1998939473136607,2.140375856574054,-0.0365185216328357,0.0,0.0,0.0,1.0,-1.395394348469449,1.6144344682461518,0.2626327473836556,0.0,0.0,0.0,1.0
1676107614.8345916,-2.5,9.09,-2.94,0.17,0.11,-0.04,0.622050159329109,-0.5514781349288284,-0.4620706854791957,0.308895043007875,4.81,8.09,-1.68,0.11,-0.09,0.07,0.7092702424969903,0.3050645981539067,0.4800647404646494,0.4164242536453238,5.33,7.08,-3.75,0.22,0.16,0.05,-0.7628094082451714,-0.3138340148862527,-0.4579341238656653,-0.331551437928434,0.2069573570091697,2.139857734526584,-0.0260293750699649,0.0,0.0,0.0,1.0,-1.4103010296671763,1.6011826445336983,0.2641309231494343,0.0,0.0,0.0,1.0
1676107614.8749125,-2.5,9.26,-2.76,0.2,0.3,-0.06,0.625622433029335,-0.5495571913772093,-0.4585348506837015,0.3103695465159626,4.42,8.55,-1.53,0.1,-0.09,0.07,0.7104527049003113,0.3024098955573879,0.4812887475954098,0.4149293320637172,5.14,7.6,-3.83,0.21,0.16,0.08,-0.7648921146705225,-0.3146575352997666,-0.4594610800484184,-0.3237687512943042,0.2129289763992183,2.1392872670693195,-0.0247232676776815,0.0,0.0,0.0,1.0,-1.4267529187982708,1.5855142365114474,0.2702234529424438,0.0,0.0,0.0,1.0
1676107614.9241843,-2.49,9.17,-2.62,0.2,0.23,-0.06,0.6292021040593574,-0.5477177221319489,-0.4552804804597332,0.3111746988786543,4.25,8.78,-1.51,0.11,-0.16,0.03,0.7114530905243014,0.3009972858222784,0.4797730930544019,0.4159962897575576,5.39,7.66,-3.79,0.18,0.09,0.03,-0.7670983485850893,-0.3147008266644665,-0.4613773229925495,-0.3156809768151366,0.2109875359788911,2.139380936004278,-0.0321476332412625,0.0,0.0,0.0,1.0,-1.4450017563364992,1.567663307828285,0.2773115170224841,0.0,0.0,0.0,1.0
1676107614.9589262,-2.5,9.23,-2.79,0.11,0.18,-0.03,0.63054154409574,-0.5462965394933273,-0.4542348498084285,0.312487045053855,4.76,8.5,-1.53,0.08,-0.15,0.0,0.7129250510167969,0.2986595871894909,0.4797814940529485,0.4151506239629428,5.59,7.31,-3.71,0.16,0.07,-0.0,-0.7682185759098896,-0.3146001994945443,-0.4629489945195768,-0.3107171745788877,0.2174427436171902,2.138814704905914,-0.0262737764026483,0.0,0.0,0.0,1.0,-1.453624996167734,1.5590644166176637,0.2807000451602716,0.0,0.0,0.0,1.0
1676107614.9919715,-2.52,9.21,-2.79,0.09,-0.0,-0.03,0.6303805259637243,-0.545697348247158,-0.4553267847242876,0.3122696202232303,4.58,8.63,-1.59,0.1,-0.12,0.03,0.713934365506917,0.2967403265463376,0.4801706912122687,0.4143416557023212,5.64,7.57,-3.74,0.19,0.09,0.01,-0.768972199657239,-0.3145968672248542,-0.4650051455242413,-0.3057462704966228,0.2266286395818247,2.1379191906211377,-0.0209998594079222,0.0,0.0,0.0,1.0,-1.463695716206802,1.5495768028434846,0.2809031549257166,0.0,0.0,0.0,1.0
1676107615.0219154,-2.53,9.11,-2.78,0.04,-0.06,0.02,0.6291932399615207,-0.5455481524064012,-0.4570802554605566,0.3123631224405319,4.44,8.5,-1.51,0.06,-0.13,-0.01,0.7141910539466976,0.2954244113592026,0.4801400122398656,0.4148748296557357,5.5,7.46,-3.82,0.13,0.11,-0.01,-0.7695395295892115,-0.3146944528961933,-0.4666904114619242,-0.3016228996039273,0.2339019282309698,2.137166702233128,-0.0175606046539159,0.0,0.0,0.0,1.0,-1.4706829632190743,1.5431886692746777,0.2795717309017687,0.0,0.0,0.0,1.0
1676107615.0702007,-2.49,9.1,-2.93,0.07,-0.1,-0.02,0.6275367869087822,-0.5453432305077737,-0.4604156806390239,0.3111522827125833,4.68,8.28,-1.58,0.11,-0.13,0.02,0.7165679926120283,0.2922921846086723,0.4805068324193826,0.4125636614862599,5.61,7.17,-3.73,0.2,0.1,0.02,-0.7710096000569189,-0.3148143582354326,-0.4693274504111248,-0.2935436266715323,0.249211175946968,2.135505535957838,-0.0031457394290856,0.0,0.0,0.0,1.0,-1.487771941864866,1.527554817277176,0.2749744155606821,0.0,0.0,0.0,1.0
1676107615.0942852,-2.35,9.25,-2.94,0.06,-0.0,-0.02,0.6270781830721371,-0.5449833912432664,-0.4611930253591454,0.3115558520458489,4.59,8.8,-1.26,0.11,-0.1,0.01,0.7167634373771109,0.2918382640903582,0.4803951893246196,0.4126754954269002,5.79,7.79,-3.64,0.21,0.15,-0.01,-0.7700986970601457,-0.3158958389457738,-0.4714481488120078,-0.2913665366934621,0.2524872263583144,2.1351229442133106,-0.0004621901871401,0.0,0.0,0.0,1.0,-1.489766394471602,1.5252783027855712,0.2768071331354194,0.0,0.0,0.0,1.0
1676107615.124337,-2.54,9.16,-2.9,0.16,0.03,0.01,0.6271157846664549,-0.5451614099690473,-0.4611520968029467,0.3112291331430636,4.78,8.45,-1.54,0.04,-0.14,0.08,0.7177813295822231,0.2889125425877777,0.4811428676918429,0.4120934924357713,5.62,7.4,-3.81,0.15,0.14,0.09,-0.7705228369675459,-0.3148958822181438,-0.4744168894340544,-0.2864677226028407,0.2606233033390003,2.1341422673679573,0.0035037680033599,0.0,0.0,0.0,1.0,-1.499829315482355,1.514037347905158,0.2840826175042154,0.0,0.0,0.0,1.0
1676107615.1492243,-2.54,9.1,-2.77,0.09,0.15,-0.07,0.6281123393243921,-0.5438165759491727,-0.4609614243683248,0.3118541103716327,4.46,8.53,-1.58,0.13,-0.1,0.01,0.7180232024793052,0.2885897578479636,0.4809708686216263,0.4120990850559786,5.51,7.52,-3.84,0.23,0.13,-0.01,-0.7696879112879201,-0.3178170696043891,-0.4742672282469743,-0.2857331372036676,0.2640653390925351,2.133719351284037,0.0033506187447742,0.0,0.0,0.0,1.0,-1.4996186839517291,1.5150616767254643,0.2796996933511123,0.0,0.0,0.0,1.0
1676107615.173174,-2.47,9.17,-2.68,0.1,0.15,-0.07,0.6290497321543692,-0.5426476181369508,-0.4606318313379839,0.3124873004859961,4.18,8.68,-1.56,0.13,-0.1,-0.0,0.7180654617593114,0.2892636417038895,0.4798696811929048,0.4128360779878744,5.23,7.51,-3.81,0.2,0.12,0.0,-0.7692129406854433,-0.3205804832350529,-0.4735604413417091,-0.2850966749141038,0.2623944175107853,2.1339280112621912,0.0006421913780994,0.0,0.0,0.0,1.0,-1.4995108632127103,1.516113971461921,0.2745279523928894,0.0,0.0,0.0,1.0
1676107615.193926,-2.5,9.28,-2.65,0.11,0.08,-0.04,0.6293886753558491,-0.542110328524972,-0.460643267691762,0.3127204294103796,4.41,8.77,-1.47,0.12,-0.13,0.01,0.7183021858847436,0.2890846330533463,0.4792765134777025,0.4132385126222734,5.5,7.8,-3.86,0.19,0.08,0.01,-0.7685117419976969,-0.3222884540784523,-0.4736516071554298,-0.2849105294973587,0.2629703328566681,2.1338572118781127,5.790527190505726e-05,0.0,0.0,0.0,1.0,-1.4988681038003209,1.5171109618807492,0.2725229105071682,0.0,0.0,0.0,1.0
1676107615.225857,-2.37,9.36,-2.62,0.09,0.04,-0.0,0.6290709928582177,-0.541862626270566,-0.460896109460972,0.3134156289646082,4.24,8.91,-1.34,0.07,-0.15,0.0,0.7183933226948166,0.2887758481182651,0.4779215822400915,0.4148620308972671,5.3,7.86,-3.67,0.15,0.08,-0.01,-0.7671697470561755,-0.3247251824363403,-0.4740390534411524,-0.285115960454804,0.2620281477842006,2.1339728283830497,-0.0011034000308427,0.0,0.0,0.0,1.0,-1.4955870339711703,1.5206530907030251,0.2708017753868202,0.0,0.0,0.0,1.0
1676107615.254687,-2.38,9.32,-2.7,0.08,0.01,0.02,0.6283879311289357,-0.5418736862057237,-0.4614036423300471,0.3140194182751806,4.47,8.87,-1.38,0.05,-0.15,0.01,0.7184985200529238,0.2877710236361873,0.4773026328854504,0.4160888261870968,5.65,7.78,-3.71,0.13,0.1,0.01,-0.7658930824738592,-0.325455916075459,-0.4761731630691807,-0.2841572657576533,0.2642214241426527,2.1337026442971427,-0.000254447261515,0.0,0.0,0.0,1.0,-1.4945652239608669,1.5209607579459234,0.2746873934409153,0.0,0.0,0.0,1.0
1676107615.2796483,-2.45,9.18,-2.81,0.08,-0.01,0.01,0.6278040432827318,-0.5417977574547718,-0.4621383341366086,0.3142378611438702,4.6,8.69,-1.43,0.06,-0.14,-0.0,0.7187148354860718,0.2867035926894001,0.4771053488617836,0.4166779587147549,5.65,7.56,-3.75,0.13,0.11,-0.0,-0.7650616719076644,-0.3255627429645432,-0.4785360226755589,-0.2822991561679008,0.2681735690764082,2.1332090815998206,0.0013967923505683,0.0,0.0,0.0,1.0,-1.4964078646351306,1.5184250916914854,0.2786552414361392,0.0,0.0,0.0,1.0
1676107615.3076258,-2.5,9.2,-2.83,0.07,-0.01,0.02,0.6270629418283586,-0.5416954715702887,-0.4630371124545264,0.3145706845139597,4.66,8.62,-1.48,0.04,-0.15,0.01,0.7190786777572913,0.2849973711701978,0.4770825581569543,0.4172464335657269,5.7,7.48,-3.77,0.13,0.09,0.01,-0.7648427937739075,-0.3251658191181489,-0.4809170527002173,-0.2792874492552141,0.2744391902673612,2.132407967202864,0.0044036638316415,0.0,0.0,0.0,1.0,-1.5005917765304644,1.5136048067519767,0.2823558201745719,0.0,0.0,0.0,1.0
1676107615.3735075,-2.51,9.07,-2.96,0.1,-0.02,0.02,0.6255767516706222,-0.5418569026569491,-0.4650108270848752,0.314340190726688,4.51,8.4,-1.49,0.04,-0.15,0.02,0.7199410558091135,0.2807856847646891,0.4771471947383873,0.4185389228554147,5.44,7.29,-3.74,0.13,0.12,0.03,-0.7650773196373644,-0.3286967583733566,-0.4808719815156395,-0.2745492185466494,0.2889083566936608,2.130482830472794,0.0086527737288553,0.0,0.0,0.0,1.0,-1.5085440892073398,1.5074418221053276,0.2727890831491734,0.0,0.0,0.0,1.0
1676107615.4047208,-2.38,9.16,-2.93,0.08,0.0,-0.0,0.6249116217093793,-0.5417013989946843,-0.465786920657239,0.3147818354422672,4.71,8.35,-1.43,0.09,-0.15,-0.02,0.7207473493833936,0.2793350096501193,0.476863263286236,0.418445502865764,5.75,7.34,-3.7,0.17,0.08,-0.01,-0.7645969020741933,-0.3289959921368091,-0.4831358719405858,-0.2715381073453101,0.2935055874777846,2.1298245719446314,0.0142043254041272,0.0,0.0,0.0,1.0,-1.512293861734216,1.5031261782829315,0.275824161236032,0.0,0.0,0.0,1.0
1676107615.4296217,-2.45,9.08,-2.75,0.12,0.03,0.01,0.6247286488883306,-0.5416810433957951,-0.4659560242139189,0.3149297476939285,4.4,8.28,-1.55,0.07,-0.14,0.03,0.7210703780021203,0.2780479741844756,0.4768279025174473,0.4187863242759966,5.46,7.15,-3.75,0.14,0.1,0.03,-0.764955039994642,-0.3300953317316792,-0.4830316514346764,-0.2693720150053406,0.2970140879588728,2.1293291568721737,0.0154910699435343,0.0,0.0,0.0,1.0,-1.5160451013368963,1.499787326535432,0.2733957312689799,0.0,0.0,0.0,1.0
1676107615.4565976,-2.52,9.05,-2.8,0.08,0.07,-0.02,0.6248989687335313,-0.540902258769299,-0.4663108169374159,0.3154048942885941,4.49,8.34,-1.59,0.09,-0.12,0.0,0.7214044747110232,0.2769980174821025,0.476881248144969,0.4188459828452385,5.63,7.29,-3.76,0.17,0.11,-0.0,-0.7638102766202751,-0.3306715500835818,-0.4854747140180012,-0.2675154001991658,0.302409900245118,2.1285540983374074,0.0174843554289199,0.0,0.0,0.0,1.0,-1.517582271471528,1.4975116555196033,0.2773137048511202,0.0,0.0,0.0,1.0
1676107615.4780724,-2.45,9.15,-2.96,0.09,0.08,-0.03,0.6250976337497712,-0.5403065194158536,-0.4664250410452896,0.3158630944619247,4.85,8.39,-1.47,0.11,-0.06,0.01,0.7217617323187661,0.2761930913993858,0.477502157782839,0.4180539048211329,5.79,7.47,-3.66,0.18,0.15,0.01,-0.7627174395931474,-0.3315541742023787,-0.4873649578636589,-0.2661002344155419,0.3072450029119662,2.1278270229379292,0.0212760109215376,0.0,0.0,0.0,1.0,-1.5183902503624145,1.4961185277277829,0.2803932927051152,0.0,0.0,0.0,1.0
1676107615.5078847,-2.34,9.09,-2.95,0.1,0.08,-0.03,0.6253094341321214,-0.5396837295103583,-0.4663531030902599,0.3166139082940643,4.53,8.41,-1.41,0.13,-0.05,0.02,0.7218148352592257,0.2758843982150212,0.4779951915846605,0.4176023697767725,5.65,7.23,-3.69,0.19,0.16,0.02,-0.76118752378409,-0.3323602370320055,-0.4905935509799494,-0.263530252935708,0.3103063138799108,2.1273545855900333,0.0239261099077691,0.0,0.0,0.0,1.0,-1.5203546228728284,1.4927927461279535,0.287387609017825,0.0,0.0,0.0,1.0
1676107615.5339348,-2.47,9.2,-2.83,0.08,0.08,-0.03,0.6255245615576103,-0.538893846271427,-0.4665619457564399,0.3172260962009776,4.65,8.52,-1.53,0.14,-0.05,0.01,0.7219588696567549,0.275604449492323,0.4784716890019385,0.4169921111575209,5.76,7.43,-3.73,0.22,0.17,-0.01,-0.7594746071728357,-0.3347357396844436,-0.4921822906080257,-0.2625012351388318,0.3142758225530907,2.12673567358858,0.026945909602483,0.0,0.0,0.0,1.0,-1.5195221597688655,1.4935154708738168,0.2880346233214385,0.0,0.0,0.0,1.0
1676107615.5621517,-2.38,9.28,-2.73,0.05,0.07,-0.03,0.6254756288057461,-0.5379987853330841,-0.4669735269670113,0.3182346144940435,4.18,8.84,-1.36,0.1,-0.11,0.0,0.7219373004092874,0.2761321364176453,0.4771961026511529,0.418140475354548,5.22,7.8,-3.67,0.2,0.13,-0.02,-0.7583800704701243,-0.3381425228827511,-0.4917699667209959,-0.2620717511740779,0.3133328916816397,2.1268789610176992,0.0266154874216722,0.0,0.0,0.0,1.0,-1.5171646340773708,1.4970752357591257,0.2819170296055845,0.0,0.0,0.0,1.0
1676107615.594875,-2.38,9.28,-2.7,0.11,0.01,-0.01,0.6250986994795464,-0.5379338872679205,-0.4674357642696734,0.3184062736810165,4.28,8.82,-1.45,0.07,-0.15,0.02,0.7220916958781759,0.2758526657985092,0.4756705616678329,0.4197932899395182,5.3,7.75,-3.74,0.16,0.1,0.02,-0.7574621438806781,-0.3411916431238592,-0.4911780193122685,-0.2618845482165853,0.3120535251059199,2.1270920192589777,0.0245385222402015,0.0,0.0,0.0,1.0,-1.515942921240052,1.499355291452098,0.2763164300883505,0.0,0.0,0.0,1.0
1676107615.6198883,-2.35,9.3,-2.72,0.1,-0.02,0.0,0.6245018480630011,-0.5380572715640017,-0.4680133514062214,0.3185205129791723,4.35,8.76,-1.37,0.07,-0.17,0.01,0.7223220054531357,0.2753071276503746,0.4745887193983595,0.4209779724912998,5.43,7.68,-3.59,0.14,0.07,0.01,-0.7564890847270952,-0.3429595110403938,-0.4913138256534729,-0.262133102063521,0.3120203103169819,2.127099717845748,0.024292309281616,0.0,0.0,0.0,1.0,-1.5139159870827958,1.501828613350782,0.2739875912810497,0.0,0.0,0.0,1.0
1676107615.6481743,-2.41,9.26,-2.82,0.08,-0.0,0.02,0.6237546156588581,-0.5380834525427673,-0.4686310526322735,0.3190318386191142,4.59,8.6,-1.41,0.05,-0.14,0.01,0.7224774249518241,0.2740221990669173,0.4743908049135015,0.4217719396392227,5.68,7.54,-3.65,0.13,0.1,0.01,-0.7549865550966666,-0.3441805463089228,-0.4929397263930222,-0.2618119159040164,0.3159474567237618,2.126493859632472,0.0264777177109299,0.0,0.0,0.0,1.0,-1.5116186137173273,1.503764868415599,0.2760441761427349,0.0,0.0,0.0,1.0
